{
 "cells": [
  {
   "cell_type": "markdown",
   "id": "56399623",
   "metadata": {},
   "source": [
    "Create  a class ‘Car261_264’ which takes a url/path as an input to create an object. Assert if the columns in the data frame are same as [  \n",
    "* id_1\n",
    "* id_2\n",
    "* route\n",
    "* moto\n",
    "* car\n",
    "* rv\n",
    "* bus\n",
    "* truck\n",
    "\n",
    "] and in the same order. This class should have five methods (names given below) which performs the said functionality.\n"
   ]
  },
  {
   "cell_type": "code",
   "execution_count": 139,
   "id": "bc288232",
   "metadata": {},
   "outputs": [],
   "source": [
    "import pandas as pd,numpy as np\n",
    "\n",
    "class Car261_264:\n",
    "    def __init__(self, url):\n",
    "        self.df = pd.read_csv(r\"C:\\Users\\Sam\\Downloads\\dataset-1.csv\")\n",
    "        self.assert_columns()\n",
    "\n",
    "    def assert_columns(self):\n",
    "        expected_columns = [\"id_1\", \"id_2\", \"route\", \"moto\", \"car\", \"rv\", \"bus\", \"truck\"]\n",
    "        assert list(self.df.columns) == expected_columns, \"Columns do not match.\"\n",
    "\n",
    "    def generate_car_matrix(self):\n",
    "        \n",
    "        columns = self.df['id_2'].unique()\n",
    "        index = self.df['id_1'].unique()\n",
    "        car_matrix = pd.DataFrame(index=index, columns=columns)\n",
    "        for _, row in self.df.iterrows():\n",
    "            car_matrix.at[row['id_1'], row['id_2']] = row['car']\n",
    "        return car_matrix\n",
    "    \n",
    "    def get_type_count(self):\n",
    "        self.assert_columns() \n",
    "        self.df['car_type'] = pd.cut(self.df['car'], bins=[-float('inf'), 15, 25, float('inf')],\n",
    "                                     labels=['low', 'medium', 'high'], include_lowest=True, right=False)\n",
    "        type_count = self.df['car_type'].value_counts().to_dict()\n",
    "        type_count = dict(sorted(type_count.items()))\n",
    "        return type_count\n",
    "\n",
    "    def get_bus_indexes(self):\n",
    "        self.assert_columns()\n",
    "        mean_bus = 2 * self.df['bus'].mean()\n",
    "        bus_indexes = self.df[self.df['bus'] > mean_bus].index.tolist()\n",
    "        return sorted(bus_indexes)\n",
    "\n",
    " \n",
    "    def filter_routes(self):\n",
    "        self.assert_columns()\n",
    "        filtered_routes = self.df.groupby('route')['truck'].mean()\n",
    "        filtered_routes = filtered_routes[filtered_routes > 7].index.tolist()\n",
    "        return sorted(filtered_routes)\n",
    "\n",
    "\n",
    "    def multiply_matrix(self, car_matrix):\n",
    "        modified_matrix = car_matrix.applymap(lambda x: x * 0.75 if x > 20 else x * 1.25).round(1)\n",
    "        return modified_matrix\n"
   ]
  },
  {
   "cell_type": "markdown",
   "id": "b434c488",
   "metadata": {},
   "source": [
    "# Question 1: Car Matrix Generation\n",
    "* Under the method named generate_car_matrix write a logic that takes the dataset-1.csv as a DataFrame. Return a new DataFrame that follows the following rules:\n",
    "* values from id_2 as columns\n",
    "* values from id_1 as index\n",
    "* dataframe should have values from car column\n",
    "* diagonal values should be 0.\n"
   ]
  },
  {
   "cell_type": "code",
   "execution_count": 140,
   "id": "fe5995b1",
   "metadata": {},
   "outputs": [],
   "source": [
    "car_instance = Car261_264(r\"C:\\Users\\Sam\\Downloads\\dataset-1.csv\")"
   ]
  },
  {
   "cell_type": "code",
   "execution_count": 141,
   "id": "4408b9f4",
   "metadata": {},
   "outputs": [
    {
     "data": {
      "text/html": [
       "<div>\n",
       "<style scoped>\n",
       "    .dataframe tbody tr th:only-of-type {\n",
       "        vertical-align: middle;\n",
       "    }\n",
       "\n",
       "    .dataframe tbody tr th {\n",
       "        vertical-align: top;\n",
       "    }\n",
       "\n",
       "    .dataframe thead th {\n",
       "        text-align: right;\n",
       "    }\n",
       "</style>\n",
       "<table border=\"1\" class=\"dataframe\">\n",
       "  <thead>\n",
       "    <tr style=\"text-align: right;\">\n",
       "      <th></th>\n",
       "      <th>827</th>\n",
       "      <th>821</th>\n",
       "      <th>804</th>\n",
       "      <th>822</th>\n",
       "      <th>826</th>\n",
       "      <th>807</th>\n",
       "      <th>809</th>\n",
       "      <th>801</th>\n",
       "      <th>824</th>\n",
       "      <th>823</th>\n",
       "      <th>831</th>\n",
       "      <th>808</th>\n",
       "      <th>802</th>\n",
       "      <th>805</th>\n",
       "      <th>825</th>\n",
       "      <th>806</th>\n",
       "      <th>830</th>\n",
       "      <th>803</th>\n",
       "      <th>829</th>\n",
       "    </tr>\n",
       "  </thead>\n",
       "  <tbody>\n",
       "    <tr>\n",
       "      <th>829</th>\n",
       "      <td>4.14</td>\n",
       "      <td>13.26</td>\n",
       "      <td>28.92</td>\n",
       "      <td>11.81</td>\n",
       "      <td>5.81</td>\n",
       "      <td>19.62</td>\n",
       "      <td>15.72</td>\n",
       "      <td>36.32</td>\n",
       "      <td>21.40</td>\n",
       "      <td>10.00</td>\n",
       "      <td>3.36</td>\n",
       "      <td>16.92</td>\n",
       "      <td>33.72</td>\n",
       "      <td>24.82</td>\n",
       "      <td>7.46</td>\n",
       "      <td>23.22</td>\n",
       "      <td>2.38</td>\n",
       "      <td>30.52</td>\n",
       "      <td>0.00</td>\n",
       "    </tr>\n",
       "    <tr>\n",
       "      <th>827</th>\n",
       "      <td>0.00</td>\n",
       "      <td>9.43</td>\n",
       "      <td>25.13</td>\n",
       "      <td>8.00</td>\n",
       "      <td>2.05</td>\n",
       "      <td>15.83</td>\n",
       "      <td>11.93</td>\n",
       "      <td>32.53</td>\n",
       "      <td>4.92</td>\n",
       "      <td>6.15</td>\n",
       "      <td>7.04</td>\n",
       "      <td>13.13</td>\n",
       "      <td>29.93</td>\n",
       "      <td>21.03</td>\n",
       "      <td>3.65</td>\n",
       "      <td>19.43</td>\n",
       "      <td>6.06</td>\n",
       "      <td>26.73</td>\n",
       "      <td>4.14</td>\n",
       "    </tr>\n",
       "    <tr>\n",
       "      <th>821</th>\n",
       "      <td>9.43</td>\n",
       "      <td>0.00</td>\n",
       "      <td>16.12</td>\n",
       "      <td>1.80</td>\n",
       "      <td>8.01</td>\n",
       "      <td>6.82</td>\n",
       "      <td>2.92</td>\n",
       "      <td>23.52</td>\n",
       "      <td>5.06</td>\n",
       "      <td>3.67</td>\n",
       "      <td>16.15</td>\n",
       "      <td>4.12</td>\n",
       "      <td>20.92</td>\n",
       "      <td>12.02</td>\n",
       "      <td>6.22</td>\n",
       "      <td>10.42</td>\n",
       "      <td>15.17</td>\n",
       "      <td>17.72</td>\n",
       "      <td>13.26</td>\n",
       "    </tr>\n",
       "    <tr>\n",
       "      <th>804</th>\n",
       "      <td>25.13</td>\n",
       "      <td>16.12</td>\n",
       "      <td>0.00</td>\n",
       "      <td>17.27</td>\n",
       "      <td>23.47</td>\n",
       "      <td>9.50</td>\n",
       "      <td>13.70</td>\n",
       "      <td>7.70</td>\n",
       "      <td>20.52</td>\n",
       "      <td>19.13</td>\n",
       "      <td>31.84</td>\n",
       "      <td>12.30</td>\n",
       "      <td>5.20</td>\n",
       "      <td>4.40</td>\n",
       "      <td>21.68</td>\n",
       "      <td>6.10</td>\n",
       "      <td>30.87</td>\n",
       "      <td>2.00</td>\n",
       "      <td>28.92</td>\n",
       "    </tr>\n",
       "    <tr>\n",
       "      <th>822</th>\n",
       "      <td>8.00</td>\n",
       "      <td>1.80</td>\n",
       "      <td>17.27</td>\n",
       "      <td>0.00</td>\n",
       "      <td>6.55</td>\n",
       "      <td>7.97</td>\n",
       "      <td>4.07</td>\n",
       "      <td>24.67</td>\n",
       "      <td>3.60</td>\n",
       "      <td>2.21</td>\n",
       "      <td>14.68</td>\n",
       "      <td>5.27</td>\n",
       "      <td>22.07</td>\n",
       "      <td>13.17</td>\n",
       "      <td>4.76</td>\n",
       "      <td>11.57</td>\n",
       "      <td>13.74</td>\n",
       "      <td>18.87</td>\n",
       "      <td>11.81</td>\n",
       "    </tr>\n",
       "    <tr>\n",
       "      <th>826</th>\n",
       "      <td>2.05</td>\n",
       "      <td>8.01</td>\n",
       "      <td>23.47</td>\n",
       "      <td>6.55</td>\n",
       "      <td>0.00</td>\n",
       "      <td>14.17</td>\n",
       "      <td>10.27</td>\n",
       "      <td>30.87</td>\n",
       "      <td>3.50</td>\n",
       "      <td>4.74</td>\n",
       "      <td>8.69</td>\n",
       "      <td>11.47</td>\n",
       "      <td>28.27</td>\n",
       "      <td>19.37</td>\n",
       "      <td>2.20</td>\n",
       "      <td>17.77</td>\n",
       "      <td>7.71</td>\n",
       "      <td>25.07</td>\n",
       "      <td>5.81</td>\n",
       "    </tr>\n",
       "    <tr>\n",
       "      <th>807</th>\n",
       "      <td>15.83</td>\n",
       "      <td>6.82</td>\n",
       "      <td>9.50</td>\n",
       "      <td>7.97</td>\n",
       "      <td>14.17</td>\n",
       "      <td>0.00</td>\n",
       "      <td>4.30</td>\n",
       "      <td>16.90</td>\n",
       "      <td>11.22</td>\n",
       "      <td>9.83</td>\n",
       "      <td>22.54</td>\n",
       "      <td>2.90</td>\n",
       "      <td>14.30</td>\n",
       "      <td>5.40</td>\n",
       "      <td>12.38</td>\n",
       "      <td>3.80</td>\n",
       "      <td>21.57</td>\n",
       "      <td>11.10</td>\n",
       "      <td>19.62</td>\n",
       "    </tr>\n",
       "    <tr>\n",
       "      <th>809</th>\n",
       "      <td>11.93</td>\n",
       "      <td>2.92</td>\n",
       "      <td>13.70</td>\n",
       "      <td>4.07</td>\n",
       "      <td>10.27</td>\n",
       "      <td>4.30</td>\n",
       "      <td>0.00</td>\n",
       "      <td>21.00</td>\n",
       "      <td>7.32</td>\n",
       "      <td>5.93</td>\n",
       "      <td>18.64</td>\n",
       "      <td>1.70</td>\n",
       "      <td>18.50</td>\n",
       "      <td>9.60</td>\n",
       "      <td>8.48</td>\n",
       "      <td>8.00</td>\n",
       "      <td>17.67</td>\n",
       "      <td>15.30</td>\n",
       "      <td>15.72</td>\n",
       "    </tr>\n",
       "    <tr>\n",
       "      <th>801</th>\n",
       "      <td>32.53</td>\n",
       "      <td>23.52</td>\n",
       "      <td>7.70</td>\n",
       "      <td>24.67</td>\n",
       "      <td>30.87</td>\n",
       "      <td>16.90</td>\n",
       "      <td>21.00</td>\n",
       "      <td>0.00</td>\n",
       "      <td>27.92</td>\n",
       "      <td>26.53</td>\n",
       "      <td>39.24</td>\n",
       "      <td>19.60</td>\n",
       "      <td>2.80</td>\n",
       "      <td>11.70</td>\n",
       "      <td>29.08</td>\n",
       "      <td>13.40</td>\n",
       "      <td>38.27</td>\n",
       "      <td>6.00</td>\n",
       "      <td>36.32</td>\n",
       "    </tr>\n",
       "    <tr>\n",
       "      <th>824</th>\n",
       "      <td>4.92</td>\n",
       "      <td>5.06</td>\n",
       "      <td>20.52</td>\n",
       "      <td>3.60</td>\n",
       "      <td>3.50</td>\n",
       "      <td>11.22</td>\n",
       "      <td>7.32</td>\n",
       "      <td>27.92</td>\n",
       "      <td>0.00</td>\n",
       "      <td>1.79</td>\n",
       "      <td>11.64</td>\n",
       "      <td>8.52</td>\n",
       "      <td>25.32</td>\n",
       "      <td>16.42</td>\n",
       "      <td>1.71</td>\n",
       "      <td>7.80</td>\n",
       "      <td>10.66</td>\n",
       "      <td>22.12</td>\n",
       "      <td>8.77</td>\n",
       "    </tr>\n",
       "    <tr>\n",
       "      <th>823</th>\n",
       "      <td>6.15</td>\n",
       "      <td>3.67</td>\n",
       "      <td>19.13</td>\n",
       "      <td>2.21</td>\n",
       "      <td>4.74</td>\n",
       "      <td>9.83</td>\n",
       "      <td>5.93</td>\n",
       "      <td>26.53</td>\n",
       "      <td>1.79</td>\n",
       "      <td>0.00</td>\n",
       "      <td>12.87</td>\n",
       "      <td>7.13</td>\n",
       "      <td>23.93</td>\n",
       "      <td>15.03</td>\n",
       "      <td>2.94</td>\n",
       "      <td>13.43</td>\n",
       "      <td>11.89</td>\n",
       "      <td>20.73</td>\n",
       "      <td>10.00</td>\n",
       "    </tr>\n",
       "    <tr>\n",
       "      <th>831</th>\n",
       "      <td>7.04</td>\n",
       "      <td>16.15</td>\n",
       "      <td>31.84</td>\n",
       "      <td>14.68</td>\n",
       "      <td>8.69</td>\n",
       "      <td>22.54</td>\n",
       "      <td>18.64</td>\n",
       "      <td>39.24</td>\n",
       "      <td>11.64</td>\n",
       "      <td>12.87</td>\n",
       "      <td>0.00</td>\n",
       "      <td>19.84</td>\n",
       "      <td>36.64</td>\n",
       "      <td>27.74</td>\n",
       "      <td>10.33</td>\n",
       "      <td>26.14</td>\n",
       "      <td>1.39</td>\n",
       "      <td>33.44</td>\n",
       "      <td>3.36</td>\n",
       "    </tr>\n",
       "    <tr>\n",
       "      <th>808</th>\n",
       "      <td>13.13</td>\n",
       "      <td>4.12</td>\n",
       "      <td>12.30</td>\n",
       "      <td>5.27</td>\n",
       "      <td>11.47</td>\n",
       "      <td>2.90</td>\n",
       "      <td>1.70</td>\n",
       "      <td>19.60</td>\n",
       "      <td>8.52</td>\n",
       "      <td>7.13</td>\n",
       "      <td>19.84</td>\n",
       "      <td>0.00</td>\n",
       "      <td>17.10</td>\n",
       "      <td>8.20</td>\n",
       "      <td>9.68</td>\n",
       "      <td>6.60</td>\n",
       "      <td>18.87</td>\n",
       "      <td>13.90</td>\n",
       "      <td>16.92</td>\n",
       "    </tr>\n",
       "    <tr>\n",
       "      <th>802</th>\n",
       "      <td>29.93</td>\n",
       "      <td>20.92</td>\n",
       "      <td>5.20</td>\n",
       "      <td>22.07</td>\n",
       "      <td>28.27</td>\n",
       "      <td>14.30</td>\n",
       "      <td>18.50</td>\n",
       "      <td>2.80</td>\n",
       "      <td>25.32</td>\n",
       "      <td>23.93</td>\n",
       "      <td>36.64</td>\n",
       "      <td>17.10</td>\n",
       "      <td>0.00</td>\n",
       "      <td>9.20</td>\n",
       "      <td>26.48</td>\n",
       "      <td>10.90</td>\n",
       "      <td>35.67</td>\n",
       "      <td>3.40</td>\n",
       "      <td>33.72</td>\n",
       "    </tr>\n",
       "    <tr>\n",
       "      <th>805</th>\n",
       "      <td>21.03</td>\n",
       "      <td>12.02</td>\n",
       "      <td>4.40</td>\n",
       "      <td>13.17</td>\n",
       "      <td>19.37</td>\n",
       "      <td>5.40</td>\n",
       "      <td>9.60</td>\n",
       "      <td>11.70</td>\n",
       "      <td>16.42</td>\n",
       "      <td>15.03</td>\n",
       "      <td>27.74</td>\n",
       "      <td>8.20</td>\n",
       "      <td>9.20</td>\n",
       "      <td>0.00</td>\n",
       "      <td>17.58</td>\n",
       "      <td>2.00</td>\n",
       "      <td>26.77</td>\n",
       "      <td>6.00</td>\n",
       "      <td>24.82</td>\n",
       "    </tr>\n",
       "    <tr>\n",
       "      <th>825</th>\n",
       "      <td>3.65</td>\n",
       "      <td>6.22</td>\n",
       "      <td>21.68</td>\n",
       "      <td>4.76</td>\n",
       "      <td>2.20</td>\n",
       "      <td>12.38</td>\n",
       "      <td>8.48</td>\n",
       "      <td>29.08</td>\n",
       "      <td>1.71</td>\n",
       "      <td>2.94</td>\n",
       "      <td>10.33</td>\n",
       "      <td>9.68</td>\n",
       "      <td>26.48</td>\n",
       "      <td>17.58</td>\n",
       "      <td>0.00</td>\n",
       "      <td>15.98</td>\n",
       "      <td>9.35</td>\n",
       "      <td>23.28</td>\n",
       "      <td>7.46</td>\n",
       "    </tr>\n",
       "    <tr>\n",
       "      <th>806</th>\n",
       "      <td>19.43</td>\n",
       "      <td>10.42</td>\n",
       "      <td>6.10</td>\n",
       "      <td>11.57</td>\n",
       "      <td>17.77</td>\n",
       "      <td>3.80</td>\n",
       "      <td>8.00</td>\n",
       "      <td>13.40</td>\n",
       "      <td>14.82</td>\n",
       "      <td>13.43</td>\n",
       "      <td>26.14</td>\n",
       "      <td>6.60</td>\n",
       "      <td>10.90</td>\n",
       "      <td>2.00</td>\n",
       "      <td>15.98</td>\n",
       "      <td>0.00</td>\n",
       "      <td>25.17</td>\n",
       "      <td>7.70</td>\n",
       "      <td>23.22</td>\n",
       "    </tr>\n",
       "    <tr>\n",
       "      <th>830</th>\n",
       "      <td>6.06</td>\n",
       "      <td>15.17</td>\n",
       "      <td>30.87</td>\n",
       "      <td>13.74</td>\n",
       "      <td>7.71</td>\n",
       "      <td>21.57</td>\n",
       "      <td>17.67</td>\n",
       "      <td>38.27</td>\n",
       "      <td>10.66</td>\n",
       "      <td>11.89</td>\n",
       "      <td>1.39</td>\n",
       "      <td>18.87</td>\n",
       "      <td>35.67</td>\n",
       "      <td>26.77</td>\n",
       "      <td>0.00</td>\n",
       "      <td>25.17</td>\n",
       "      <td>0.00</td>\n",
       "      <td>32.47</td>\n",
       "      <td>2.38</td>\n",
       "    </tr>\n",
       "    <tr>\n",
       "      <th>803</th>\n",
       "      <td>26.73</td>\n",
       "      <td>17.72</td>\n",
       "      <td>2.00</td>\n",
       "      <td>18.87</td>\n",
       "      <td>25.07</td>\n",
       "      <td>11.10</td>\n",
       "      <td>15.30</td>\n",
       "      <td>6.00</td>\n",
       "      <td>22.12</td>\n",
       "      <td>20.73</td>\n",
       "      <td>33.44</td>\n",
       "      <td>13.90</td>\n",
       "      <td>3.40</td>\n",
       "      <td>6.00</td>\n",
       "      <td>23.28</td>\n",
       "      <td>7.70</td>\n",
       "      <td>32.47</td>\n",
       "      <td>0.00</td>\n",
       "      <td>30.52</td>\n",
       "    </tr>\n",
       "  </tbody>\n",
       "</table>\n",
       "</div>"
      ],
      "text/plain": [
       "       827    821    804    822    826    807    809    801    824    823  \\\n",
       "829   4.14  13.26  28.92  11.81   5.81  19.62  15.72  36.32  21.40  10.00   \n",
       "827   0.00   9.43  25.13   8.00   2.05  15.83  11.93  32.53   4.92   6.15   \n",
       "821   9.43   0.00  16.12   1.80   8.01   6.82   2.92  23.52   5.06   3.67   \n",
       "804  25.13  16.12   0.00  17.27  23.47   9.50  13.70   7.70  20.52  19.13   \n",
       "822   8.00   1.80  17.27   0.00   6.55   7.97   4.07  24.67   3.60   2.21   \n",
       "826   2.05   8.01  23.47   6.55   0.00  14.17  10.27  30.87   3.50   4.74   \n",
       "807  15.83   6.82   9.50   7.97  14.17   0.00   4.30  16.90  11.22   9.83   \n",
       "809  11.93   2.92  13.70   4.07  10.27   4.30   0.00  21.00   7.32   5.93   \n",
       "801  32.53  23.52   7.70  24.67  30.87  16.90  21.00   0.00  27.92  26.53   \n",
       "824   4.92   5.06  20.52   3.60   3.50  11.22   7.32  27.92   0.00   1.79   \n",
       "823   6.15   3.67  19.13   2.21   4.74   9.83   5.93  26.53   1.79   0.00   \n",
       "831   7.04  16.15  31.84  14.68   8.69  22.54  18.64  39.24  11.64  12.87   \n",
       "808  13.13   4.12  12.30   5.27  11.47   2.90   1.70  19.60   8.52   7.13   \n",
       "802  29.93  20.92   5.20  22.07  28.27  14.30  18.50   2.80  25.32  23.93   \n",
       "805  21.03  12.02   4.40  13.17  19.37   5.40   9.60  11.70  16.42  15.03   \n",
       "825   3.65   6.22  21.68   4.76   2.20  12.38   8.48  29.08   1.71   2.94   \n",
       "806  19.43  10.42   6.10  11.57  17.77   3.80   8.00  13.40  14.82  13.43   \n",
       "830   6.06  15.17  30.87  13.74   7.71  21.57  17.67  38.27  10.66  11.89   \n",
       "803  26.73  17.72   2.00  18.87  25.07  11.10  15.30   6.00  22.12  20.73   \n",
       "\n",
       "       831    808    802    805    825    806    830    803    829  \n",
       "829   3.36  16.92  33.72  24.82   7.46  23.22   2.38  30.52   0.00  \n",
       "827   7.04  13.13  29.93  21.03   3.65  19.43   6.06  26.73   4.14  \n",
       "821  16.15   4.12  20.92  12.02   6.22  10.42  15.17  17.72  13.26  \n",
       "804  31.84  12.30   5.20   4.40  21.68   6.10  30.87   2.00  28.92  \n",
       "822  14.68   5.27  22.07  13.17   4.76  11.57  13.74  18.87  11.81  \n",
       "826   8.69  11.47  28.27  19.37   2.20  17.77   7.71  25.07   5.81  \n",
       "807  22.54   2.90  14.30   5.40  12.38   3.80  21.57  11.10  19.62  \n",
       "809  18.64   1.70  18.50   9.60   8.48   8.00  17.67  15.30  15.72  \n",
       "801  39.24  19.60   2.80  11.70  29.08  13.40  38.27   6.00  36.32  \n",
       "824  11.64   8.52  25.32  16.42   1.71   7.80  10.66  22.12   8.77  \n",
       "823  12.87   7.13  23.93  15.03   2.94  13.43  11.89  20.73  10.00  \n",
       "831   0.00  19.84  36.64  27.74  10.33  26.14   1.39  33.44   3.36  \n",
       "808  19.84   0.00  17.10   8.20   9.68   6.60  18.87  13.90  16.92  \n",
       "802  36.64  17.10   0.00   9.20  26.48  10.90  35.67   3.40  33.72  \n",
       "805  27.74   8.20   9.20   0.00  17.58   2.00  26.77   6.00  24.82  \n",
       "825  10.33   9.68  26.48  17.58   0.00  15.98   9.35  23.28   7.46  \n",
       "806  26.14   6.60  10.90   2.00  15.98   0.00  25.17   7.70  23.22  \n",
       "830   1.39  18.87  35.67  26.77   0.00  25.17   0.00  32.47   2.38  \n",
       "803  33.44  13.90   3.40   6.00  23.28   7.70  32.47   0.00  30.52  "
      ]
     },
     "execution_count": 141,
     "metadata": {},
     "output_type": "execute_result"
    }
   ],
   "source": [
    "result_matrix = car_instance.generate_car_matrix().fillna(0)\n",
    "result_matrix"
   ]
  },
  {
   "cell_type": "markdown",
   "id": "46cb6e00",
   "metadata": {},
   "source": [
    "# Question 2: Car Type Count Calculation\n",
    "Create a Python method named get_type_count that takes the dataset-1.csv as a DataFrame. Add a new categorical column car_type based on values of the column car:\n",
    "\n",
    "* low for values less than or equal to 15,\n",
    "* medium for values greater than 15 and less than or equal to 25,\n",
    "* high for values greater than 25.\n",
    "Calculate the count of occurrences for each car_type category and return the result as a dictionary. Sort the dictionary alphabetically based on keys.\n"
   ]
  },
  {
   "cell_type": "code",
   "execution_count": 126,
   "id": "9b86532c",
   "metadata": {},
   "outputs": [],
   "source": [
    "car_instance = Car261_264(r\"C:\\Users\\Sam\\Downloads\\dataset-1.csv\")"
   ]
  },
  {
   "cell_type": "code",
   "execution_count": 127,
   "id": "5ac2b236",
   "metadata": {},
   "outputs": [
    {
     "data": {
      "text/plain": [
       "{'high': 56, 'low': 196, 'medium': 89}"
      ]
     },
     "execution_count": 127,
     "metadata": {},
     "output_type": "execute_result"
    }
   ],
   "source": [
    "type_count_result = car_instance.get_type_count()\n",
    "type_count_result"
   ]
  },
  {
   "cell_type": "markdown",
   "id": "32331db0",
   "metadata": {},
   "source": [
    "* The car values which are less than or equal to 15 have been occured 196 times\n",
    "* The car values which are greater than 15 and less than or equal to 25 have been occured 89 times\n",
    "* The car values which are greater than 25 have been occured 56 times\n",
    "\n",
    "\n"
   ]
  },
  {
   "cell_type": "markdown",
   "id": "065e90f5",
   "metadata": {},
   "source": [
    "# Question 3: Bus Count Index Retrieval\n",
    "* Create a Python method named get_bus_indexes that takes the dataset-1.csv as a DataFrame. The function should identify and return the indices as a list (sorted in ascending order) where the bus values are greater than twice the mean value of the bus column in the DataFrame.\n"
   ]
  },
  {
   "cell_type": "code",
   "execution_count": 128,
   "id": "5a8b0754",
   "metadata": {},
   "outputs": [],
   "source": [
    "car_instance = Car261_264(r\"C:\\Users\\Sam\\Downloads\\dataset-1.csv\")"
   ]
  },
  {
   "cell_type": "code",
   "execution_count": 129,
   "id": "232ba4cd",
   "metadata": {},
   "outputs": [
    {
     "name": "stdout",
     "output_type": "stream",
     "text": [
      "[2, 7, 12, 17, 25, 30, 54, 64, 70, 97, 144, 145, 149, 154, 160, 201, 206, 210, 215, 234, 235, 245, 250, 309, 314, 319, 322, 323, 334, 340]\n"
     ]
    }
   ],
   "source": [
    "bus_indexes = car_instance.get_bus_indexes()\n",
    "print(bus_indexes)"
   ]
  },
  {
   "cell_type": "markdown",
   "id": "9400e61d",
   "metadata": {},
   "source": [
    "# Question 4: Route Filtering\n",
    "* Create a python method filter_routes that takes the dataset-1.csv as a DataFrame. The function should return the sorted list of values of column route for which the average of values of truck column is greater than 7."
   ]
  },
  {
   "cell_type": "code",
   "execution_count": 130,
   "id": "1f51abbc",
   "metadata": {},
   "outputs": [],
   "source": [
    "car_instance = Car261_264(r\"C:\\Users\\Sam\\Downloads\\dataset-1.csv\")"
   ]
  },
  {
   "cell_type": "code",
   "execution_count": 131,
   "id": "037ee967",
   "metadata": {},
   "outputs": [
    {
     "name": "stdout",
     "output_type": "stream",
     "text": [
      "[1, 2, 3, 4, 5, 6, 7, 8, 9, 10]\n"
     ]
    }
   ],
   "source": [
    "filtered_routes = car_instance.filter_routes()\n",
    "print(filtered_routes)"
   ]
  },
  {
   "cell_type": "markdown",
   "id": "91ceddc4",
   "metadata": {},
   "source": [
    "# Question 5: Matrix Value Modification\n",
    "* Create a Python method named multiply_matrix that takes the resulting DataFrame from Question 1, as input and modifies each value according to the following logic:\n",
    "\n",
    "* If a value in the DataFrame is greater than 20, multiply those values by 0.75,\n",
    "* If a value is 20 or less, multiply those values by 1.25.\n",
    "\n",
    "* The function should return the modified DataFrame which has values rounded to 1 decimal place.\n"
   ]
  },
  {
   "cell_type": "code",
   "execution_count": 137,
   "id": "76c7cdd2",
   "metadata": {},
   "outputs": [],
   "source": [
    "car_instance = Car261_264(r\"C:\\Users\\Sam\\Downloads\\dataset-1.csv\")"
   ]
  },
  {
   "cell_type": "code",
   "execution_count": 149,
   "id": "a4c6443d",
   "metadata": {},
   "outputs": [
    {
     "name": "stdout",
     "output_type": "stream",
     "text": [
      "Car Matrix:\n"
     ]
    },
    {
     "data": {
      "text/html": [
       "<div>\n",
       "<style scoped>\n",
       "    .dataframe tbody tr th:only-of-type {\n",
       "        vertical-align: middle;\n",
       "    }\n",
       "\n",
       "    .dataframe tbody tr th {\n",
       "        vertical-align: top;\n",
       "    }\n",
       "\n",
       "    .dataframe thead th {\n",
       "        text-align: right;\n",
       "    }\n",
       "</style>\n",
       "<table border=\"1\" class=\"dataframe\">\n",
       "  <thead>\n",
       "    <tr style=\"text-align: right;\">\n",
       "      <th></th>\n",
       "      <th>827</th>\n",
       "      <th>821</th>\n",
       "      <th>804</th>\n",
       "      <th>822</th>\n",
       "      <th>826</th>\n",
       "      <th>807</th>\n",
       "      <th>809</th>\n",
       "      <th>801</th>\n",
       "      <th>824</th>\n",
       "      <th>823</th>\n",
       "      <th>831</th>\n",
       "      <th>808</th>\n",
       "      <th>802</th>\n",
       "      <th>805</th>\n",
       "      <th>825</th>\n",
       "      <th>806</th>\n",
       "      <th>830</th>\n",
       "      <th>803</th>\n",
       "      <th>829</th>\n",
       "    </tr>\n",
       "  </thead>\n",
       "  <tbody>\n",
       "    <tr>\n",
       "      <th>829</th>\n",
       "      <td>4.14</td>\n",
       "      <td>13.26</td>\n",
       "      <td>28.92</td>\n",
       "      <td>11.81</td>\n",
       "      <td>5.81</td>\n",
       "      <td>19.62</td>\n",
       "      <td>15.72</td>\n",
       "      <td>36.32</td>\n",
       "      <td>21.40</td>\n",
       "      <td>10.00</td>\n",
       "      <td>3.36</td>\n",
       "      <td>16.92</td>\n",
       "      <td>33.72</td>\n",
       "      <td>24.82</td>\n",
       "      <td>7.46</td>\n",
       "      <td>23.22</td>\n",
       "      <td>2.38</td>\n",
       "      <td>30.52</td>\n",
       "      <td>0.00</td>\n",
       "    </tr>\n",
       "    <tr>\n",
       "      <th>827</th>\n",
       "      <td>0.00</td>\n",
       "      <td>9.43</td>\n",
       "      <td>25.13</td>\n",
       "      <td>8.00</td>\n",
       "      <td>2.05</td>\n",
       "      <td>15.83</td>\n",
       "      <td>11.93</td>\n",
       "      <td>32.53</td>\n",
       "      <td>4.92</td>\n",
       "      <td>6.15</td>\n",
       "      <td>7.04</td>\n",
       "      <td>13.13</td>\n",
       "      <td>29.93</td>\n",
       "      <td>21.03</td>\n",
       "      <td>3.65</td>\n",
       "      <td>19.43</td>\n",
       "      <td>6.06</td>\n",
       "      <td>26.73</td>\n",
       "      <td>4.14</td>\n",
       "    </tr>\n",
       "    <tr>\n",
       "      <th>821</th>\n",
       "      <td>9.43</td>\n",
       "      <td>0.00</td>\n",
       "      <td>16.12</td>\n",
       "      <td>1.80</td>\n",
       "      <td>8.01</td>\n",
       "      <td>6.82</td>\n",
       "      <td>2.92</td>\n",
       "      <td>23.52</td>\n",
       "      <td>5.06</td>\n",
       "      <td>3.67</td>\n",
       "      <td>16.15</td>\n",
       "      <td>4.12</td>\n",
       "      <td>20.92</td>\n",
       "      <td>12.02</td>\n",
       "      <td>6.22</td>\n",
       "      <td>10.42</td>\n",
       "      <td>15.17</td>\n",
       "      <td>17.72</td>\n",
       "      <td>13.26</td>\n",
       "    </tr>\n",
       "    <tr>\n",
       "      <th>804</th>\n",
       "      <td>25.13</td>\n",
       "      <td>16.12</td>\n",
       "      <td>0.00</td>\n",
       "      <td>17.27</td>\n",
       "      <td>23.47</td>\n",
       "      <td>9.50</td>\n",
       "      <td>13.70</td>\n",
       "      <td>7.70</td>\n",
       "      <td>20.52</td>\n",
       "      <td>19.13</td>\n",
       "      <td>31.84</td>\n",
       "      <td>12.30</td>\n",
       "      <td>5.20</td>\n",
       "      <td>4.40</td>\n",
       "      <td>21.68</td>\n",
       "      <td>6.10</td>\n",
       "      <td>30.87</td>\n",
       "      <td>2.00</td>\n",
       "      <td>28.92</td>\n",
       "    </tr>\n",
       "    <tr>\n",
       "      <th>822</th>\n",
       "      <td>8.00</td>\n",
       "      <td>1.80</td>\n",
       "      <td>17.27</td>\n",
       "      <td>0.00</td>\n",
       "      <td>6.55</td>\n",
       "      <td>7.97</td>\n",
       "      <td>4.07</td>\n",
       "      <td>24.67</td>\n",
       "      <td>3.60</td>\n",
       "      <td>2.21</td>\n",
       "      <td>14.68</td>\n",
       "      <td>5.27</td>\n",
       "      <td>22.07</td>\n",
       "      <td>13.17</td>\n",
       "      <td>4.76</td>\n",
       "      <td>11.57</td>\n",
       "      <td>13.74</td>\n",
       "      <td>18.87</td>\n",
       "      <td>11.81</td>\n",
       "    </tr>\n",
       "    <tr>\n",
       "      <th>826</th>\n",
       "      <td>2.05</td>\n",
       "      <td>8.01</td>\n",
       "      <td>23.47</td>\n",
       "      <td>6.55</td>\n",
       "      <td>0.00</td>\n",
       "      <td>14.17</td>\n",
       "      <td>10.27</td>\n",
       "      <td>30.87</td>\n",
       "      <td>3.50</td>\n",
       "      <td>4.74</td>\n",
       "      <td>8.69</td>\n",
       "      <td>11.47</td>\n",
       "      <td>28.27</td>\n",
       "      <td>19.37</td>\n",
       "      <td>2.20</td>\n",
       "      <td>17.77</td>\n",
       "      <td>7.71</td>\n",
       "      <td>25.07</td>\n",
       "      <td>5.81</td>\n",
       "    </tr>\n",
       "    <tr>\n",
       "      <th>807</th>\n",
       "      <td>15.83</td>\n",
       "      <td>6.82</td>\n",
       "      <td>9.50</td>\n",
       "      <td>7.97</td>\n",
       "      <td>14.17</td>\n",
       "      <td>0.00</td>\n",
       "      <td>4.30</td>\n",
       "      <td>16.90</td>\n",
       "      <td>11.22</td>\n",
       "      <td>9.83</td>\n",
       "      <td>22.54</td>\n",
       "      <td>2.90</td>\n",
       "      <td>14.30</td>\n",
       "      <td>5.40</td>\n",
       "      <td>12.38</td>\n",
       "      <td>3.80</td>\n",
       "      <td>21.57</td>\n",
       "      <td>11.10</td>\n",
       "      <td>19.62</td>\n",
       "    </tr>\n",
       "    <tr>\n",
       "      <th>809</th>\n",
       "      <td>11.93</td>\n",
       "      <td>2.92</td>\n",
       "      <td>13.70</td>\n",
       "      <td>4.07</td>\n",
       "      <td>10.27</td>\n",
       "      <td>4.30</td>\n",
       "      <td>0.00</td>\n",
       "      <td>21.00</td>\n",
       "      <td>7.32</td>\n",
       "      <td>5.93</td>\n",
       "      <td>18.64</td>\n",
       "      <td>1.70</td>\n",
       "      <td>18.50</td>\n",
       "      <td>9.60</td>\n",
       "      <td>8.48</td>\n",
       "      <td>8.00</td>\n",
       "      <td>17.67</td>\n",
       "      <td>15.30</td>\n",
       "      <td>15.72</td>\n",
       "    </tr>\n",
       "    <tr>\n",
       "      <th>801</th>\n",
       "      <td>32.53</td>\n",
       "      <td>23.52</td>\n",
       "      <td>7.70</td>\n",
       "      <td>24.67</td>\n",
       "      <td>30.87</td>\n",
       "      <td>16.90</td>\n",
       "      <td>21.00</td>\n",
       "      <td>0.00</td>\n",
       "      <td>27.92</td>\n",
       "      <td>26.53</td>\n",
       "      <td>39.24</td>\n",
       "      <td>19.60</td>\n",
       "      <td>2.80</td>\n",
       "      <td>11.70</td>\n",
       "      <td>29.08</td>\n",
       "      <td>13.40</td>\n",
       "      <td>38.27</td>\n",
       "      <td>6.00</td>\n",
       "      <td>36.32</td>\n",
       "    </tr>\n",
       "    <tr>\n",
       "      <th>824</th>\n",
       "      <td>4.92</td>\n",
       "      <td>5.06</td>\n",
       "      <td>20.52</td>\n",
       "      <td>3.60</td>\n",
       "      <td>3.50</td>\n",
       "      <td>11.22</td>\n",
       "      <td>7.32</td>\n",
       "      <td>27.92</td>\n",
       "      <td>0.00</td>\n",
       "      <td>1.79</td>\n",
       "      <td>11.64</td>\n",
       "      <td>8.52</td>\n",
       "      <td>25.32</td>\n",
       "      <td>16.42</td>\n",
       "      <td>1.71</td>\n",
       "      <td>7.80</td>\n",
       "      <td>10.66</td>\n",
       "      <td>22.12</td>\n",
       "      <td>8.77</td>\n",
       "    </tr>\n",
       "    <tr>\n",
       "      <th>823</th>\n",
       "      <td>6.15</td>\n",
       "      <td>3.67</td>\n",
       "      <td>19.13</td>\n",
       "      <td>2.21</td>\n",
       "      <td>4.74</td>\n",
       "      <td>9.83</td>\n",
       "      <td>5.93</td>\n",
       "      <td>26.53</td>\n",
       "      <td>1.79</td>\n",
       "      <td>0.00</td>\n",
       "      <td>12.87</td>\n",
       "      <td>7.13</td>\n",
       "      <td>23.93</td>\n",
       "      <td>15.03</td>\n",
       "      <td>2.94</td>\n",
       "      <td>13.43</td>\n",
       "      <td>11.89</td>\n",
       "      <td>20.73</td>\n",
       "      <td>10.00</td>\n",
       "    </tr>\n",
       "    <tr>\n",
       "      <th>831</th>\n",
       "      <td>7.04</td>\n",
       "      <td>16.15</td>\n",
       "      <td>31.84</td>\n",
       "      <td>14.68</td>\n",
       "      <td>8.69</td>\n",
       "      <td>22.54</td>\n",
       "      <td>18.64</td>\n",
       "      <td>39.24</td>\n",
       "      <td>11.64</td>\n",
       "      <td>12.87</td>\n",
       "      <td>0.00</td>\n",
       "      <td>19.84</td>\n",
       "      <td>36.64</td>\n",
       "      <td>27.74</td>\n",
       "      <td>10.33</td>\n",
       "      <td>26.14</td>\n",
       "      <td>1.39</td>\n",
       "      <td>33.44</td>\n",
       "      <td>3.36</td>\n",
       "    </tr>\n",
       "    <tr>\n",
       "      <th>808</th>\n",
       "      <td>13.13</td>\n",
       "      <td>4.12</td>\n",
       "      <td>12.30</td>\n",
       "      <td>5.27</td>\n",
       "      <td>11.47</td>\n",
       "      <td>2.90</td>\n",
       "      <td>1.70</td>\n",
       "      <td>19.60</td>\n",
       "      <td>8.52</td>\n",
       "      <td>7.13</td>\n",
       "      <td>19.84</td>\n",
       "      <td>0.00</td>\n",
       "      <td>17.10</td>\n",
       "      <td>8.20</td>\n",
       "      <td>9.68</td>\n",
       "      <td>6.60</td>\n",
       "      <td>18.87</td>\n",
       "      <td>13.90</td>\n",
       "      <td>16.92</td>\n",
       "    </tr>\n",
       "    <tr>\n",
       "      <th>802</th>\n",
       "      <td>29.93</td>\n",
       "      <td>20.92</td>\n",
       "      <td>5.20</td>\n",
       "      <td>22.07</td>\n",
       "      <td>28.27</td>\n",
       "      <td>14.30</td>\n",
       "      <td>18.50</td>\n",
       "      <td>2.80</td>\n",
       "      <td>25.32</td>\n",
       "      <td>23.93</td>\n",
       "      <td>36.64</td>\n",
       "      <td>17.10</td>\n",
       "      <td>0.00</td>\n",
       "      <td>9.20</td>\n",
       "      <td>26.48</td>\n",
       "      <td>10.90</td>\n",
       "      <td>35.67</td>\n",
       "      <td>3.40</td>\n",
       "      <td>33.72</td>\n",
       "    </tr>\n",
       "    <tr>\n",
       "      <th>805</th>\n",
       "      <td>21.03</td>\n",
       "      <td>12.02</td>\n",
       "      <td>4.40</td>\n",
       "      <td>13.17</td>\n",
       "      <td>19.37</td>\n",
       "      <td>5.40</td>\n",
       "      <td>9.60</td>\n",
       "      <td>11.70</td>\n",
       "      <td>16.42</td>\n",
       "      <td>15.03</td>\n",
       "      <td>27.74</td>\n",
       "      <td>8.20</td>\n",
       "      <td>9.20</td>\n",
       "      <td>0.00</td>\n",
       "      <td>17.58</td>\n",
       "      <td>2.00</td>\n",
       "      <td>26.77</td>\n",
       "      <td>6.00</td>\n",
       "      <td>24.82</td>\n",
       "    </tr>\n",
       "    <tr>\n",
       "      <th>825</th>\n",
       "      <td>3.65</td>\n",
       "      <td>6.22</td>\n",
       "      <td>21.68</td>\n",
       "      <td>4.76</td>\n",
       "      <td>2.20</td>\n",
       "      <td>12.38</td>\n",
       "      <td>8.48</td>\n",
       "      <td>29.08</td>\n",
       "      <td>1.71</td>\n",
       "      <td>2.94</td>\n",
       "      <td>10.33</td>\n",
       "      <td>9.68</td>\n",
       "      <td>26.48</td>\n",
       "      <td>17.58</td>\n",
       "      <td>0.00</td>\n",
       "      <td>15.98</td>\n",
       "      <td>9.35</td>\n",
       "      <td>23.28</td>\n",
       "      <td>7.46</td>\n",
       "    </tr>\n",
       "    <tr>\n",
       "      <th>806</th>\n",
       "      <td>19.43</td>\n",
       "      <td>10.42</td>\n",
       "      <td>6.10</td>\n",
       "      <td>11.57</td>\n",
       "      <td>17.77</td>\n",
       "      <td>3.80</td>\n",
       "      <td>8.00</td>\n",
       "      <td>13.40</td>\n",
       "      <td>14.82</td>\n",
       "      <td>13.43</td>\n",
       "      <td>26.14</td>\n",
       "      <td>6.60</td>\n",
       "      <td>10.90</td>\n",
       "      <td>2.00</td>\n",
       "      <td>15.98</td>\n",
       "      <td>0.00</td>\n",
       "      <td>25.17</td>\n",
       "      <td>7.70</td>\n",
       "      <td>23.22</td>\n",
       "    </tr>\n",
       "    <tr>\n",
       "      <th>830</th>\n",
       "      <td>6.06</td>\n",
       "      <td>15.17</td>\n",
       "      <td>30.87</td>\n",
       "      <td>13.74</td>\n",
       "      <td>7.71</td>\n",
       "      <td>21.57</td>\n",
       "      <td>17.67</td>\n",
       "      <td>38.27</td>\n",
       "      <td>10.66</td>\n",
       "      <td>11.89</td>\n",
